# X Y Z Ptot
0.008   0   -0.074775   90.592
0.008   0   -0.07455   90.553
0.008   0   -0.074325   90.592
0.008   0   -0.0741   90.607
0.008   0   -0.073875   90.598
0.008   0   -0.07365   90.551
0.008   0   -0.073425   90.579
0.008   0   -0.0732   90.608
0.008   0   -0.072975   90.609
0.008   0   -0.07275   90.598
0.008   0   -0.072525   90.581
0.008   0   -0.0723   90.563
0.008   0   -0.072075   90.549
0.008   0   -0.07185   90.537
0.008   0   -0.071625   90.525
0.008   0   -0.0714   90.51
0.008   0   -0.071175   90.493
0.008   0   -0.07095   90.477
0.008   0   -0.070725   90.458
0.008   0   -0.0705   90.433
0.008   0   -0.070275   90.408
0.008   0   -0.07005   90.388
0.008   0   -0.069825   90.372
0.008   0   -0.0696   90.358
0.008   0   -0.069375   90.344
0.008   0   -0.06915   90.324
0.008   0   -0.068925   90.303
0.008   0   -0.0687   90.284
0.008   0   -0.068475   90.266
0.008   0   -0.06825   90.248
0.008   0   -0.068025   90.231
0.008   0   -0.0678   90.212
0.008   0   -0.067575   90.193
0.008   0   -0.06735   90.174
0.008   0   -0.067125   90.155
0.008   0   -0.0669   90.135
0.008   0   -0.066675   90.116
0.008   0   -0.06645   90.097
0.008   0   -0.066225   90.077
0.008   0   -0.066   90.058
0.008   0   -0.065775   90.039
0.008   0   -0.06555   90.019
0.008   0   -0.065325   89.999
0.008   0   -0.0651   89.979
0.008   0   -0.064875   89.96
0.008   0   -0.06465   89.941
0.008   0   -0.064425   89.921
0.008   0   -0.0642   89.901
0.008   0   -0.063975   89.88
0.008   0   -0.06375   89.86
0.008   0   -0.063525   89.84
0.008   0   -0.0633   89.821
0.008   0   -0.063075   89.801
0.008   0   -0.06285   nan
0.008   0   -0.062625   89.763
0.008   0   -0.0624   89.744
0.008   0   -0.062175   89.725
0.008   0   -0.06195   89.707
0.008   0   -0.061725   89.688
0.008   0   -0.0615   89.67
0.008   0   -0.061275   89.65
0.008   0   -0.06105   89.631
0.008   0   -0.060825   89.612
0.008   0   -0.0606   89.593
0.008   0   -0.060375   89.574
0.008   0   -0.06015   89.555
0.008   0   -0.059925   89.536
0.008   0   -0.0597   89.516
0.008   0   -0.059475   89.497
0.008   0   -0.05925   89.478
0.008   0   -0.059025   89.459
0.008   0   -0.0588   89.44
0.008   0   -0.058575   89.421
0.008   0   -0.05835   89.402
0.008   0   -0.058125   89.383
0.008   0   -0.0579   89.364
0.008   0   -0.057675   89.344
0.008   0   -0.05745   89.325
0.008   0   -0.057225   89.307
0.008   0   -0.057   89.288
0.008   0   -0.056775   89.269
0.008   0   -0.05655   89.25
0.008   0   -0.056325   89.231
0.008   0   -0.0561   89.212
0.008   0   -0.055875   89.193
0.008   0   -0.05565   89.175
0.008   0   -0.055425   89.156
0.008   0   -0.0552   89.138
0.008   0   -0.054975   89.119
0.008   0   -0.05475   89.1
0.008   0   -0.054525   89.082
0.008   0   -0.0543   89.063
0.008   0   -0.054075   89.045
0.008   0   -0.05385   89.027
0.008   0   -0.053625   89.009
0.008   0   -0.0534   88.99
0.008   0   -0.053175   88.972
0.008   0   -0.05295   88.954
0.008   0   -0.052725   88.936
0.008   0   -0.0525   88.918
0.008   0   -0.052275   88.9
0.008   0   -0.05205   88.882
0.008   0   -0.051825   88.864
0.008   0   -0.0516   88.846
0.008   0   -0.051375   88.829
0.008   0   -0.05115   88.811
0.008   0   -0.050925   88.793
0.008   0   -0.0507   88.775
0.008   0   -0.050475   88.758
0.008   0   -0.05025   88.74
0.008   0   -0.050025   88.723
0.008   0   -0.0498   88.706
0.008   0   -0.049575   88.689
0.008   0   -0.04935   88.671
0.008   0   -0.049125   88.654
0.008   0   -0.0489   88.637
0.008   0   -0.048675   88.62
0.008   0   -0.04845   88.603
0.008   0   -0.048225   88.587
0.008   0   -0.048   88.569
0.008   0   -0.047775   88.552
0.008   0   -0.04755   88.535
0.008   0   -0.047325   88.519
0.008   0   -0.0471   88.503
0.008   0   -0.046875   88.487
0.008   0   -0.04665   88.47
0.008   0   -0.046425   88.453
0.008   0   -0.0462   88.437
0.008   0   -0.045975   88.421
0.008   0   -0.04575   88.405
0.008   0   -0.045525   88.389
0.008   0   -0.0453   88.373
0.008   0   -0.045075   88.357
0.008   0   -0.04485   88.341
0.008   0   -0.044625   88.325
0.008   0   -0.0444   88.31
0.008   0   -0.044175   88.295
0.008   0   -0.04395   88.279
0.008   0   -0.043725   88.263
0.008   0   -0.0435   88.248
0.008   0   -0.043275   88.232
0.008   0   -0.04305   88.218
0.008   0   -0.042825   88.203
0.008   0   -0.0426   88.188
0.008   0   -0.042375   88.173
0.008   0   -0.04215   88.158
0.008   0   -0.041925   88.143
0.008   0   -0.0417   88.128
0.008   0   -0.041475   88.114
0.008   0   -0.04125   88.1
0.008   0   -0.041025   88.085
0.008   0   -0.0408   88.07
0.008   0   -0.040575   88.055
0.008   0   -0.04035   88.042
0.008   0   -0.040125   88.028
0.008   0   -0.0399   88.014
0.008   0   -0.039675   88
0.008   0   -0.03945   87.986
0.008   0   -0.039225   87.971
0.008   0   -0.039   87.958
0.008   0   -0.038775   87.945
0.008   0   -0.03855   87.932
0.008   0   -0.038325   87.918
0.008   0   -0.0381   87.905
0.008   0   -0.037875   87.891
0.008   0   -0.03765   87.877
0.008   0   -0.037425   87.865
0.008   0   -0.0372   87.853
0.008   0   -0.036975   87.84
0.008   0   -0.03675   87.827
0.008   0   -0.036525   87.813
0.008   0   -0.0363   87.801
0.008   0   -0.036075   87.789
0.008   0   -0.03585   87.777
0.008   0   -0.035625   87.765
0.008   0   -0.0354   87.752
0.008   0   -0.035175   87.739
0.008   0   -0.03495   87.727
0.008   0   -0.034725   87.715
0.008   0   -0.0345   87.704
0.008   0   -0.034275   87.693
0.008   0   -0.03405   87.681
0.008   0   -0.033825   87.669
0.008   0   -0.0336   87.657
0.008   0   -0.033375   87.646
0.008   0   -0.03315   87.635
0.008   0   -0.032925   87.625
0.008   0   -0.0327   87.614
0.008   0   -0.032475   87.602
0.008   0   -0.03225   87.591
0.008   0   -0.032025   87.58
0.008   0   -0.0318   87.571
0.008   0   -0.031575   87.561
0.008   0   -0.03135   87.552
0.008   0   -0.031125   87.541
0.008   0   -0.0309   87.531
0.008   0   -0.030675   87.521
0.008   0   -0.03045   87.513
0.008   0   -0.030225   87.506
0.008   0   -0.03   87.498
0.008   0   -0.029775   87.489
0.008   0   -0.02955   87.481
0.008   0   -0.029325   87.473
0.008   0   -0.0291   87.467
0.008   0   -0.028875   87.463
0.008   0   -0.02865   87.459
0.008   0   -0.028425   87.454
0.008   0   -0.0282   87.449
0.008   0   -0.027975   87.445
0.008   0   -0.02775   87.443
0.008   0   -0.027525   87.444
0.008   0   -0.0273   87.445
0.008   0   -0.027075   87.446
0.008   0   -0.02685   87.448
0.008   0   -0.026625   87.45
0.008   0   -0.0264   87.455
0.008   0   -0.026175   87.467
0.008   0   -0.02595   87.48
0.008   0   -0.025725   87.493
0.008   0   -0.0255   87.509
0.008   0   -0.025275   87.524
0.008   0   -0.02505   87.541
0.008   0   -0.024825   87.564
0.008   0   -0.0246   87.589
0.008   0   -0.024375   87.614
0.008   0   -0.02415   87.646
0.008   0   -0.023925   87.678
0.008   0   -0.0237   87.711
0.008   0   -0.023475   87.753
0.008   0   -0.02325   87.805
0.008   0   -0.023025   87.856
0.008   0   -0.0228   87.916
0.008   0   -0.022575   87.979
0.008   0   -0.02235   88.039
0.008   0   -0.022125   88.071
0.008   0   -0.0219   88.099
0.008   0   -0.021675   88.127
0.008   0   -0.02145   88.175
0.008   0   -0.021225   88.236
0.008   0   -0.021   88.298
0.008   0   -0.020775   88.231
0.008   0   -0.02055   87.969
0.008   0   -0.020325   87.708
0.008   0   -0.0201   87.424
0.008   0   -0.019875   87.069
0.008   0   -0.01965   86.714
0.008   0   -0.019425   86.253
0.008   0   -0.0192   85.692
0.008   0   -0.018975   85.277
0.008   0   -0.01875   84.997
0.008   0   -0.018525   84.583
0.008   0   -0.0183   84.428
0.008   0   -0.018075   84.529
0.008   0   -0.01785   84.578
0.008   0   -0.017625   84.518
0.008   0   -0.0174   84.391
0.008   0   -0.017175   84.055
0.008   0   -0.01695   83.438
0.008   0   -0.016725   82.729
0.008   0   -0.0165   81.677
0.008   0   -0.016275   80.063
0.008   0   -0.01605   78.164
0.008   0   -0.015825   75.972
0.008   0   -0.0156   73.507
0.008   0   -0.015375   70.522
0.008   0   -0.01515   66.138
0.008   0   -0.014925   61.955
0.008   0   -0.0147   57.831
0.008   0   -0.014475   55.398
0.008   0   -0.01425   53.391
0.008   0   -0.014025   51.708
0.008   0   -0.0138   50.656
0.008   0   -0.013575   49.863
0.008   0   -0.01335   49.413
0.008   0   -0.013125   49.413
0.008   0   -0.0129   49.544
0.008   0   -0.012675   50.039
0.008   0   -0.01245   50.754
0.008   0   -0.012225   51.535
0.008   0   -0.012   52.593
0.008   0   -0.011775   53.669
0.008   0   -0.01155   54.761
0.008   0   -0.011325   55.873
0.008   0   -0.0111   56.907
0.008   0   -0.010875   57.889
0.008   0   -0.01065   58.745
0.008   0   -0.010425   59.505
0.008   0   -0.0102   60.108
0.008   0   -0.009975   60.522
0.008   0   -0.00975   60.859
0.008   0   -0.009525   61.053
0.008   0   -0.0093   61.325
0.008   0   -0.009075   61.666
0.008   0   -0.00885   62.269
0.008   0   -0.008625   62.999
0.008   0   -0.0084   63.824
0.008   0   -0.008175   64.384
0.008   0   -0.00795   64.633
0.008   0   -0.007725   64.395
0.008   0   -0.0075   64.507
0.008   0   -0.007275   64.694
0.008   0   -0.00705   65.097
0.008   0   -0.006825   65.422
0.008   0   -0.0066   65.63
0.008   0   -0.006375   65.746
0.008   0   -0.00615   65.456
0.008   0   -0.005925   64.645
0.008   0   -0.0057   62.735
0.008   0   -0.005475   57.585
0.008   0   -0.00525   50.474
0.008   0   -0.005025   33.471
0.008   0   -0.0048   12.611
0.008   0   -0.004575   -30.83
0.008   0   -0.00435   -27.344
0.008   0   -0.004125   -21.578
0.008   0   -0.0039   -18.169
0.008   0   -0.003675   -16.6
0.008   0   -0.00345   -15.96
0.008   0   -0.003225   -16.137
0.008   0   -0.003   -16.034
0.008   0   -0.002775   -18.691
0.008   0   -0.00255   -19.469
0.008   0   -0.002325   -19.872
0.008   0   -0.0021   -17.921
0.008   0   -0.001875   -15.478
0.008   0   -0.00165   -13.178
0.008   0   -0.001425   -11.314
0.008   0   -0.0012   -9.9908
0.008   0   -0.000975   -9.0769
0.008   0   -0.00075   -8.6683
0.008   0   -0.000525   -8.6799
0.008   0   -0.0003   -9.0407
0.008   0   -7.5E-05   -9.8688
0.008   0   0.00015   -10.855
0.008   0   0.000375   -12.03
0.008   0   0.0006   -13.013
0.008   0   0.000825   -13.733
0.008   0   0.00105   -13.885
0.008   0   0.001275   -13.364
0.008   0   0.0015   -12.552
0.008   0   0.001725   -12.031
0.008   0   0.00195   -9.81
0.008   0   0.002175   -9.4199
0.008   0   0.0024   -10
0.008   0   0.002625   -43.557
0.008   0   0.00285   -38.702
0.008   0   0.003075   -33.78
0.008   0   0.0033   -31.563
0.008   0   0.003525   -29.833
0.008   0   0.00375   -29.036
0.008   0   0.003975   -28.758
0.008   0   0.0042   -27.985
0.008   0   0.004425   -26.388
0.008   0   0.00465   -25.559
0.008   0   0.004875   -25.958
0.008   0   0.0051   -25.938
0.008   0   0.005325   -25.421
0.008   0   0.00555   -23.386
0.008   0   0.005775   -20.582
0.008   0   0.006   -16.691
0.008   0   0.006225   -12.588
0.008   0   0.00645   -8.6824
0.008   0   0.006675   -5.126
0.008   0   0.0069   -1.7651
0.008   0   0.007125   1.2935
0.008   0   0.00735   4.0817
0.008   0   0.007575   6.5204
0.008   0   0.0078   8.4858
0.008   0   0.008025   9.9102
0.008   0   0.00825   10.724
0.008   0   0.008475   10.908
0.008   0   0.0087   10.147
0.008   0   0.008925   9.0513
0.008   0   0.00915   7.6874
0.008   0   0.009375   6.5684
0.008   0   0.0096   5.5329
0.008   0   0.009825   4.9582
0.008   0   0.01005   4.3367
0.008   0   0.010275   3.7755
0.008   0   0.0105   3.453
0.008   0   0.010725   3.291
0.008   0   0.01095   3.282
0.008   0   0.011175   3.3459
0.008   0   0.0114   3.4639
0.008   0   0.011625   3.6317
0.008   0   0.01185   3.6546
0.008   0   0.012075   3.7656
0.008   0   0.0123   3.7266
0.008   0   0.012525   3.6043
0.008   0   0.01275   3.4758
0.008   0   0.012975   3.055
0.008   0   0.0132   2.3464
0.008   0   0.013425   1.5895
0.008   0   0.01365   0.07352
0.008   0   0.013875   -1.5506
0.008   0   0.0141   -3.4374
0.008   0   0.014325   -5.7949
0.008   0   0.01455   -7.7944
0.008   0   0.014775   -9.3077
0.008   0   0.015   -9.9466
0.008   0   0.015225   -10.302
0.008   0   0.01545   -10.096
0.008   0   0.015675   -9.7333
0.008   0   0.0159   -9.3661
0.008   0   0.016125   -8.7494
0.008   0   0.01635   -8.1158
0.008   0   0.016575   -7.4863
0.008   0   0.0168   -6.7866
0.008   0   0.017025   -6.2084
0.008   0   0.01725   -5.6844
0.008   0   0.017475   -5.2267
0.008   0   0.0177   -4.9235
0.008   0   0.017925   -4.6276
0.008   0   0.01815   -4.3739
0.008   0   0.018375   -4.2028
0.008   0   0.0186   -3.9894
0.008   0   0.018825   -3.7916
0.008   0   0.01905   -3.6071
0.008   0   0.019275   -3.3766
0.008   0   0.0195   -3.1386
0.008   0   0.019725   -2.8747
0.008   0   0.01995   -2.5574
0.008   0   0.020175   -2.233
0.008   0   0.0204   -1.871
0.008   0   0.020625   -1.4654
0.008   0   0.02085   -1.0636
0.008   0   0.021075   -0.63298
0.008   0   0.0213   -0.18721
0.008   0   0.021525   0.25381
0.008   0   0.02175   0.70157
0.008   0   0.021975   1.1452
0.008   0   0.0222   1.5805
0.008   0   0.022425   2.0065
0.008   0   0.02265   2.4212
0.008   0   0.022875   2.8222
0.008   0   0.0231   3.2062
0.008   0   0.023325   3.5785
0.008   0   0.02355   3.9287
0.008   0   0.023775   4.2629
0.008   0   0.024   4.5867
0.008   0   0.024225   4.8887
0.008   0   0.02445   5.1753
0.008   0   0.024675   5.4498
0.008   0   0.0249   5.7054
0.008   0   0.025125   5.9384
0.008   0   0.02535   6.1761
0.008   0   0.025575   6.399
0.008   0   0.0258   6.6082
0.008   0   0.026025   6.8033
0.008   0   0.02625   6.9847
0.008   0   0.026475   7.1639
0.008   0   0.0267   7.3272
0.008   0   0.026925   7.481
0.008   0   0.02715   7.6304
0.008   0   0.027375   7.7684
0.008   0   0.0276   7.9009
0.008   0   0.027825   8.027
0.008   0   0.02805   8.1435
0.008   0   0.028275   8.2557
0.008   0   0.0285   8.3631
0.008   0   0.028725   8.4579
0.008   0   0.02895   8.554
0.008   0   0.029175   8.638
0.008   0   0.0294   8.7185
0.008   0   0.029625   8.7964
0.008   0   0.02985   8.8676
0.008   0   0.030075   8.9341
0.008   0   0.0303   8.9991
0.008   0   0.030525   9.0556
0.008   0   0.03075   9.1099
0.008   0   0.030975   9.1595
0.008   0   0.0312   9.205
0.008   0   0.031425   9.2486
0.008   0   0.03165   9.2894
0.008   0   0.031875   9.3261
0.008   0   0.0321   9.3634
0.008   0   0.032325   9.3938
0.008   0   0.03255   9.4235
0.008   0   0.032775   9.4518
0.008   0   0.033   9.4759
0.008   0   0.033225   9.5018
0.008   0   0.03345   9.5279
0.008   0   0.033675   9.5426
0.008   0   0.0339   9.565
0.008   0   0.034125   9.5955
0.008   0   0.03435   9.5882
0.008   0   0.034575   9.5172
0.008   0   0.0348   9.7022
0.008   0   0.035025   9.7764
0.008   0   0.03525   9.8136
0.008   0   0.035475   9.8535
0.008   0   0.0357   9.8964
0.008   0   0.035925   9.9012
0.008   0   0.03615   9.8804
0.008   0   0.036375   9.9825
0.008   0   0.0366   10.085
0.008   0   0.036825   10.146
0.008   0   0.03705   10.172
0.008   0   0.037275   10.183
0.008   0   0.0375   10.194
0.008   0   0.037725   10.212
0.008   0   0.03795   10.23
0.008   0   0.038175   10.246
0.008   0   0.0384   10.252
0.008   0   0.038625   10.252
0.008   0   0.03885   10.253
0.008   0   0.039075   10.256
0.008   0   0.0393   10.261
0.008   0   0.039525   10.265
0.008   0   0.03975   10.268
0.008   0   0.039975   10.27
0.008   0   0.0402   10.271
0.008   0   0.040425   10.275
0.008   0   0.04065   10.28
0.008   0   0.040875   10.285
0.008   0   0.0411   10.288
0.008   0   0.041325   10.288
0.008   0   0.04155   10.287
0.008   0   0.041775   10.287
0.008   0   0.042   10.289
0.008   0   0.042225   10.291
0.008   0   0.04245   10.292
0.008   0   0.042675   10.29
0.008   0   0.0429   10.288
0.008   0   0.043125   10.286
0.008   0   0.04335   10.285
0.008   0   0.043575   10.284
0.008   0   0.0438   10.282
0.008   0   0.044025   10.28
0.008   0   0.04425   10.276
0.008   0   0.044475   10.272
0.008   0   0.0447   10.269
0.008   0   0.044925   10.266
0.008   0   0.04515   10.263
0.008   0   0.045375   10.259
0.008   0   0.0456   10.255
0.008   0   0.045825   10.25
0.008   0   0.04605   10.245
0.008   0   0.046275   10.24
0.008   0   0.0465   10.235
0.008   0   0.046725   10.23
0.008   0   0.04695   10.224
0.008   0   0.047175   10.218
0.008   0   0.0474   10.212
0.008   0   0.047625   10.205
0.008   0   0.04785   10.199
0.008   0   0.048075   10.192
0.008   0   0.0483   10.185
0.008   0   0.048525   10.179
0.008   0   0.04875   10.172
0.008   0   0.048975   10.164
0.008   0   0.0492   10.157
0.008   0   0.049425   10.149
0.008   0   0.04965   10.141
0.008   0   0.049875   10.134
0.008   0   0.0501   10.126
0.008   0   0.050325   10.118
0.008   0   0.05055   10.109
0.008   0   0.050775   10.101
0.008   0   0.051   10.092
0.008   0   0.051225   10.084
0.008   0   0.05145   10.076
0.008   0   0.051675   10.068
0.008   0   0.0519   10.058
0.008   0   0.052125   10.049
0.008   0   0.05235   10.04
0.008   0   0.052575   10.031
0.008   0   0.0528   10.023
0.008   0   0.053025   10.014
0.008   0   0.05325   10.004
0.008   0   0.053475   9.9942
0.008   0   0.0537   9.9846
0.008   0   0.053925   9.9753
0.008   0   0.05415   9.966
0.008   0   0.054375   9.9568
0.008   0   0.0546   9.9463
0.008   0   0.054825   9.9358
0.008   0   0.05505   9.9254
0.008   0   0.055275   9.9155
0.008   0   0.0555   9.9058
0.008   0   0.055725   9.896
0.008   0   0.05595   9.8852
0.008   0   0.056175   9.8741
0.008   0   0.0564   9.863
0.008   0   0.056625   9.8524
0.008   0   0.05685   9.8422
0.008   0   0.057075   9.8319
0.008   0   0.0573   9.8209
0.008   0   0.057525   9.8092
0.008   0   0.05775   9.7974
0.008   0   0.057975   9.7862
0.008   0   0.0582   9.7755
0.008   0   0.058425   9.7648
0.008   0   0.05865   9.7537
0.008   0   0.058875   9.7415
0.008   0   0.0591   9.7292
0.008   0   0.059325   9.7173
0.008   0   0.05955   9.706
0.008   0   0.059775   9.6949
0.008   0   0.06   9.6837
0.008   0   0.060225   9.671
0.008   0   0.06045   9.6582
0.008   0   0.060675   9.6456
0.008   0   0.0609   9.6338
0.008   0   0.061125   9.6223
0.008   0   0.06135   9.6108
0.008   0   0.061575   9.598
0.008   0   0.0618   9.5847
0.008   0   0.062025   9.5715
0.008   0   0.06225   9.5592
0.008   0   0.062475   9.5473
0.008   0   0.0627   9.5354
0.008   0   0.062925   9.5226
0.008   0   0.06315   9.5089
0.008   0   0.063375   9.4952
0.008   0   0.0636   9.4822
0.008   0   0.063825   9.4699
0.008   0   0.06405   9.4578
0.008   0   0.064275   9.4451
0.008   0   0.0645   9.431
0.008   0   0.064725   9.4168
0.008   0   0.06495   9.4032
0.008   0   0.065175   9.3904
0.008   0   0.0654   9.3777
0.008   0   0.065625   9.3651
0.008   0   0.06585   9.3507
0.008   0   0.066075   9.3363
0.008   0   0.0663   9.3222
0.008   0   0.066525   9.3089
0.008   0   0.06675   9.2959
0.008   0   0.066975   9.283
0.008   0   0.0672   9.2688
0.008   0   0.067425   9.2542
0.008   0   0.06765   9.2396
0.008   0   0.067875   9.2257
0.008   0   0.0681   9.2125
0.008   0   0.068325   9.1992
0.008   0   0.06855   9.185
0.008   0   0.068775   9.17
0.008   0   0.069   9.1549
0.008   0   0.069225   9.1405
0.008   0   0.06945   9.1269
0.008   0   0.069675   9.1133
0.008   0   0.0699   9.0993
0.008   0   0.070125   9.0839
0.008   0   0.07035   9.0685
0.008   0   0.070575   9.0534
0.008   0   0.0708   9.0393
0.008   0   0.071025   9.0253
0.008   0   0.07125   9.0114
0.008   0   0.071475   8.9957
0.008   0   0.0717   8.9799
0.008   0   0.071925   8.9644
0.008   0   0.07215   8.9497
0.008   0   0.072375   8.9354
0.008   0   0.0726   8.9212
0.008   0   0.072825   8.9056
0.008   0   0.07305   8.8895
0.008   0   0.073275   8.8735
0.008   0   0.0735   8.8584
0.008   0   0.073725   8.8438
0.008   0   0.07395   8.8292
0.008   0   0.074175   8.8138
0.008   0   0.0744   8.7975
0.008   0   0.074625   8.7812
0.008   0   0.07485   8.7654
0.008   0   0.075075   8.7505
0.008   0   0.0753   8.7356
0.008   0   0.075525   8.7203
0.008   0   0.07575   8.7037
0.008   0   0.075975   8.6872
0.008   0   0.0762   8.671
0.008   0   0.076425   8.6556
0.008   0   0.07665   8.6404
0.008   0   0.076875   8.6253
0.008   0   0.0771   8.6085
0.008   0   0.077325   8.5918
0.008   0   0.07755   8.5752
0.008   0   0.077775   8.5594
0.008   0   0.078   8.5439
0.008   0   0.078225   8.5284
0.008   0   0.07845   8.5117
0.008   0   0.078675   8.4947
0.008   0   0.0789   8.4777
0.008   0   0.079125   8.4614
0.008   0   0.07935   8.4456
0.008   0   0.079575   8.4298
0.008   0   0.0798   8.4133
0.008   0   0.080025   8.396
0.008   0   0.08025   8.3787
0.008   0   0.080475   8.3619
0.008   0   0.0807   8.3458
0.008   0   0.080925   8.3297
0.008   0   0.08115   8.3133
0.008   0   0.081375   8.2959
0.008   0   0.0816   8.2784
0.008   0   0.081825   8.2613
0.008   0   0.08205   8.2448
0.008   0   0.082275   8.2284
0.008   0   0.0825   8.2121
0.008   0   0.082725   8.1945
0.008   0   0.08295   8.1769
0.008   0   0.083175   8.1595
0.008   0   0.0834   8.1426
0.008   0   0.083625   8.1259
0.008   0   0.08385   8.1093
0.008   0   0.084075   8.0918
0.008   0   0.0843   8.074
0.008   0   0.084525   8.0563
0.008   0   0.08475   8.039
0.008   0   0.084975   8.022
0.008   0   0.0852   8.005
0.008   0   0.085425   7.9875
0.008   0   0.08565   7.9697
0.008   0   0.085875   7.9518
0.008   0   0.0861   7.9341
0.008   0   0.086325   7.9169
0.008   0   0.08655   7.8996
0.008   0   0.086775   7.8821
0.008   0   0.087   7.8641
0.008   0   0.087225   7.8462
0.008   0   0.08745   7.8283
0.008   0   0.087675   7.8106
0.008   0   0.0879   7.7931
0.008   0   0.088125   7.7756
0.008   0   0.08835   7.7574
0.008   0   0.088575   7.7393
0.008   0   0.0888   7.7212
0.008   0   0.089025   7.7033
0.008   0   0.08925   7.6855
0.008   0   0.089475   7.6677
0.008   0   0.0897   7.6496
0.008   0   0.089925   7.6313
0.008   0   0.09015   7.6131
0.008   0   0.090375   7.5949
0.008   0   0.0906   7.5768
0.008   0   0.090825   7.5588
0.008   0   0.09105   7.5405
0.008   0   0.091275   7.5221
0.008   0   0.0915   7.5036
0.008   0   0.091725   7.4852
0.008   0   0.09195   7.4669
0.008   0   0.092175   7.4487
0.008   0   0.0924   7.4303
0.008   0   0.092625   7.4117
0.008   0   0.09285   7.3932
0.008   0   0.093075   7.3746
0.008   0   0.0933   7.3561
0.008   0   0.093525   7.3376
0.008   0   0.09375   7.3192
0.008   0   0.093975   7.3005
0.008   0   0.0942   7.2818
0.008   0   0.094425   7.2631
0.008   0   0.09465   7.2444
0.008   0   0.094875   7.2258
0.008   0   0.0951   7.2071
0.008   0   0.095325   7.1884
0.008   0   0.09555   7.1695
0.008   0   0.095775   7.1507
0.008   0   0.096   7.1319
0.008   0   0.096225   7.1131
0.008   0   0.09645   7.0944
0.008   0   0.096675   7.0755
0.008   0   0.0969   7.0566
0.008   0   0.097125   7.0376
0.008   0   0.09735   7.0187
0.008   0   0.097575   6.9997
0.008   0   0.0978   6.9807
0.008   0   0.098025   6.9617
0.008   0   0.09825   6.9426
0.008   0   0.098475   6.9235
0.008   0   0.0987   6.9044
0.008   0   0.098925   6.8853
0.008   0   0.09915   6.8662
0.008   0   0.099375   6.8472
0.008   0   0.0996   6.8279
0.008   0   0.099825   6.8087
0.008   0   0.10005   6.7895
0.008   0   0.10028   6.7703
0.008   0   0.1005   6.7511
0.008   0   0.10073   6.732
0.008   0   0.10095   6.7127
0.008   0   0.10118   6.6933
0.008   0   0.1014   6.674
0.008   0   0.10163   6.6547
0.008   0   0.10185   6.6355
0.008   0   0.10208   6.6162
0.008   0   0.1023   6.5969
0.008   0   0.10253   6.5774
0.008   0   0.10275   6.558
0.008   0   0.10298   6.5386
0.008   0   0.1032   6.5193
0.008   0   0.10343   6.5
0.008   0   0.10365   6.4806
0.008   0   0.10387   6.4611
0.008   0   0.1041   6.4415
0.008   0   0.10432   6.422
0.008   0   0.10455   6.4026
0.008   0   0.10477   6.3833
0.008   0   0.105   6.364
0.008   0   0.10522   6.3443
0.008   0   0.10545   6.3246
0.008   0   0.10567   6.305
0.008   0   0.1059   6.2855
0.008   0   0.10612   6.2662
0.008   0   0.10635   6.2468
0.008   0   0.10657   6.2271
0.008   0   0.1068   6.2073
0.008   0   0.10702   6.1876
0.008   0   0.10725   6.168
0.008   0   0.10747   6.1486
0.008   0   0.1077   6.1292
0.008   0   0.10792   6.1096
0.008   0   0.10815   6.0897
0.008   0   0.10837   6.0698
0.008   0   0.1086   6.0502
0.008   0   0.10882   6.0308
0.008   0   0.10905   6.0114
0.008   0   0.10927   5.9918
0.008   0   0.1095   5.9719
0.008   0   0.10972   5.952
0.008   0   0.10995   5.9322
0.008   0   0.11017   5.9127
0.008   0   0.1104   5.8933
0.008   0   0.11062   5.8739
0.008   0   0.11085   5.8539
0.008   0   0.11107   5.834
0.008   0   0.1113   5.8141
0.008   0   0.11152   5.7945
0.008   0   0.11175   5.7751
0.008   0   0.11197   5.7557
0.008   0   0.1122   5.7358
0.008   0   0.11242   5.7158
0.008   0   0.11265   5.6958
0.008   0   0.11287   5.6761
0.008   0   0.1131   5.6567
0.008   0   0.11332   5.6373
0.008   0   0.11355   5.6175
0.008   0   0.11377   5.5975
0.008   0   0.114   5.5774
0.008   0   0.11423   5.5576
0.008   0   0.11445   5.5382
0.008   0   0.11468   5.5187
0.008   0   0.1149   5.4991
0.008   0   0.11513   5.479
0.008   0   0.11535   5.4589
0.008   0   0.11558   5.439
0.008   0   0.1158   5.4195
0.008   0   0.11603   5.4001
0.008   0   0.11625   5.3807
0.008   0   0.11648   5.3605
0.008   0   0.1167   5.3404
0.008   0   0.11693   5.3204
0.008   0   0.11715   5.3008
0.008   0   0.11738   5.2813
0.008   0   0.1176   5.2619
0.008   0   0.11783   5.2419
0.008   0   0.11805   5.2218
0.008   0   0.11828   5.2016
0.008   0   0.1185   5.1819
0.008   0   0.11873   5.1625
0.008   0   0.11895   5.143
0.008   0   0.11918   5.1232
0.008   0   0.1194   5.1031
0.008   0   0.11963   5.0829
0.008   0   0.11985   5.063
0.008   0   0.12008   5.0435
0.008   0   0.1203   5.0241
0.008   0   0.12053   5.0045
0.008   0   0.12075   4.9842
0.008   0   0.12098   4.964
0.008   0   0.1212   4.944
0.008   0   0.12143   4.9245
0.008   0   0.12165   4.9051
0.008   0   0.12188   4.8856
0.008   0   0.1221   4.8654
0.008   0   0.12233   4.8451
0.008   0   0.12255   4.825
0.008   0   0.12278   4.8055
0.008   0   0.123   4.7861
0.008   0   0.12323   4.7667
0.008   0   0.12345   4.7467
0.008   0   0.12368   4.7265
0.008   0   0.1239   4.7063
0.008   0   0.12412   4.6865
0.008   0   0.12435   4.6669
0.008   0   0.12457   4.6474
0.008   0   0.1248   4.6274
0.008   0   0.12503   4.6069
0.008   0   0.12525   4.5865
0.008   0   0.12548   4.5663
0.008   0   0.1257   4.5464
0.008   0   0.12593   4.5264
0.008   0   0.12615   4.5063
0.008   0   0.12638   4.4854
0.008   0   0.1266   4.4646
0.008   0   0.12683   4.444
0.008   0   0.12705   4.4242
0.008   0   0.12728   4.4046
0.008   0   0.1275   4.385
0.008   0   0.12773   4.3644
0.008   0   0.12795   4.3438
0.008   0   0.12818   4.3234
0.008   0   0.1284   4.3034
0.008   0   0.12863   4.2837
0.008   0   0.12885   4.264
0.008   0   0.12908   4.2438
0.008   0   0.1293   4.2235
0.008   0   0.12953   4.2031
0.008   0   0.12975   4.1832
0.008   0   0.12998   4.1635
0.008   0   0.1302   4.1439
0.008   0   0.13043   4.1239
0.008   0   0.13065   4.1035
0.008   0   0.13088   4.0832
0.008   0   0.1311   4.0631
0.008   0   0.13133   4.0434
0.008   0   0.13155   4.0237
0.008   0   0.13178   4.0039
0.008   0   0.132   3.9836
0.008   0   0.13223   3.9633
0.008   0   0.13245   3.9432
0.008   0   0.13268   3.9234
0.008   0   0.1329   3.9037
0.008   0   0.13313   3.8841
0.008   0   0.13335   3.8638
0.008   0   0.13358   3.8435
0.008   0   0.1338   3.8233
0.008   0   0.13402   3.8035
0.008   0   0.13425   3.7838
0.008   0   0.13447   3.7641
0.008   0   0.1347   3.744
0.008   0   0.13492   3.7237
0.008   0   0.13515   3.7034
0.008   0   0.13537   3.6835
0.008   0   0.1356   3.6637
0.008   0   0.13582   3.6439
0.008   0   0.13605   3.6239
0.008   0   0.13627   3.6036
0.008   0   0.1365   3.5833
0.008   0   0.13672   3.5632
0.008   0   0.13695   3.5434
0.008   0   0.13717   3.5237
0.008   0   0.1374   3.5038
0.008   0   0.13762   3.4835
0.008   0   0.13785   3.4632
0.008   0   0.13807   3.4431
0.008   0   0.1383   3.4233
0.008   0   0.13852   3.4036
0.008   0   0.13875   3.3838
0.008   0   0.13897   3.3635
0.008   0   0.1392   3.3433
0.008   0   0.13942   3.3231
0.008   0   0.13965   3.3032
0.008   0   0.13987   3.2835
0.008   0   0.1401   3.2637
0.008   0   0.14032   3.2436
0.008   0   0.14055   3.2234
0.008   0   0.14077   3.2032
0.008   0   0.141   3.1833
0.008   0   0.14122   3.1636
0.008   0   0.14145   3.1439
0.008   0   0.14167   nan
0.008   0   0.1419   nan
0.008   0   0.14212   nan
0.008   0   0.14235   nan
0.008   0   0.14257   3.0443
0.008   0   0.1428   3.0247
0.008   0   0.14302   3.005
0.008   0   0.14325   2.9851
0.008   0   0.14347   2.9652
0.008   0   0.1437   2.9453
0.008   0   0.14392   2.9258
0.008   0   0.14415   2.9063
0.008   0   0.14437   2.8869
0.008   0   0.1446   2.8673
0.008   0   0.14482   2.8477
0.008   0   0.14505   2.8278
0.008   0   0.14527   2.8067
0.008   0   0.1455   2.7854
0.008   0   0.14572   2.764
0.008   0   0.14595   2.7419
0.008   0   0.14617   2.7195
0.008   0   0.1464   2.697
0.008   0   0.14662   2.6709
0.008   0   0.14685   2.6399
0.008   0   0.14707   2.6083
0.008   0   0.1473   2.5754
0.008   0   0.14752   2.5394
0.008   0   0.14775   2.5035
0.008   0   0.14797   2.4733
0.008   0   0.1482   2.4522
0.008   0   0.14842   2.4497
0.008   0   0.14865   2.4471
0.008   0   0.14887   2.3836
0.008   0   0.1491   2.3579
0.008   0   0.14932   2.3513
0.008   0   0.14955   2.2874
0.008   0   0.14977   2.1437
