0.0000000   -0.0100000   -0.0747750   90.5090000
0.0000000   -0.0100000   -0.0745500   90.4680000
0.0000000   -0.0100000   -0.0743250   90.4700000
0.0000000   -0.0100000   -0.0741000   90.4630000
0.0000000   -0.0100000   -0.0738750   90.4530000
0.0000000   -0.0100000   -0.0736500   90.4440000
0.0000000   -0.0100000   -0.0734250   90.4380000
0.0000000   -0.0100000   -0.0732000   90.4350000
0.0000000   -0.0100000   -0.0729750   90.4370000
0.0000000   -0.0100000   -0.0727500   90.4420000
0.0000000   -0.0100000   -0.0725250   90.4410000
0.0000000   -0.0100000   -0.0723000   90.4430000
0.0000000   -0.0100000   -0.0720750   90.4470000
0.0000000   -0.0100000   -0.0718500   90.4460000
0.0000000   -0.0100000   -0.0716250   90.4400000
0.0000000   -0.0100000   -0.0714000   90.4270000
0.0000000   -0.0100000   -0.0711750   90.4190000
0.0000000   -0.0100000   -0.0709500   90.4100000
0.0000000   -0.0100000   -0.0707250   90.4020000
0.0000000   -0.0100000   -0.0705000   90.3950000
0.0000000   -0.0100000   -0.0702750   90.3850000
0.0000000   -0.0100000   -0.0700500   90.3660000
0.0000000   -0.0100000   -0.0698250   90.3480000
0.0000000   -0.0100000   -0.0696000   90.3310000
0.0000000   -0.0100000   -0.0693750   90.3130000
0.0000000   -0.0100000   -0.0691500   90.2980000
0.0000000   -0.0100000   -0.0689250   90.2800000
0.0000000   -0.0100000   -0.0687000   90.2600000
0.0000000   -0.0100000   -0.0684750   90.2400000
0.0000000   -0.0100000   -0.0682500   90.2210000
0.0000000   -0.0100000   -0.0680250   90.2030000
0.0000000   -0.0100000   -0.0678000   90.1860000
0.0000000   -0.0100000   -0.0675750   90.1680000
0.0000000   -0.0100000   -0.0673500   90.1490000
0.0000000   -0.0100000   -0.0671250   87.5550000
0.0000000   -0.0100000   -0.0669000   87.4670000
0.0000000   -0.0100000   -0.0666750   90.0910000
0.0000000   -0.0100000   -0.0664500   90.0740000
0.0000000   -0.0100000   -0.0662250   90.0560000
0.0000000   -0.0100000   -0.0660000   90.0370000
0.0000000   -0.0100000   -0.0657750   90.0160000
0.0000000   -0.0100000   -0.0653250   89.9780000
0.0000000   -0.0100000   -0.0651000   89.9600000
0.0000000   -0.0100000   -0.0648750   89.9420000
0.0000000   -0.0100000   -0.0646500   89.9230000
0.0000000   -0.0100000   -0.0644250   89.9030000
0.0000000   -0.0100000   -0.0642000   89.8840000
0.0000000   -0.0100000   -0.0639750   89.8650000
0.0000000   -0.0100000   -0.0637500   89.8460000
0.0000000   -0.0100000   -0.0635250   89.8280000
0.0000000   -0.0100000   -0.0633000   89.8090000
0.0000000   -0.0100000   -0.0630750   89.7890000
0.0000000   -0.0100000   -0.0628500   89.7700000
0.0000000   -0.0100000   -0.0626250   89.7510000
0.0000000   -0.0100000   -0.0624000   89.7320000
0.0000000   -0.0100000   -0.0621750   89.7140000
0.0000000   -0.0100000   -0.0619500   89.6960000
0.0000000   -0.0100000   -0.0617250   89.6760000
0.0000000   -0.0100000   -0.0615000   89.6580000
0.0000000   -0.0100000   -0.0612750   89.6480000
0.0000000   -0.0100000   -0.0610500   89.6340000
0.0000000   -0.0100000   -0.0608250   89.6160000
0.0000000   -0.0100000   -0.0606000   89.5920000
0.0000000   -0.0100000   -0.0603750   89.5650000
0.0000000   -0.0100000   -0.0601500   89.5440000
0.0000000   -0.0100000   -0.0599250   89.5270000
0.0000000   -0.0100000   -0.0597000   89.5100000
0.0000000   -0.0100000   -0.0594750   89.4920000
0.0000000   -0.0100000   -0.0592500   89.4730000
0.0000000   -0.0100000   -0.0590250   89.4520000
0.0000000   -0.0100000   -0.0588000   89.4320000
0.0000000   -0.0100000   -0.0585750   89.4150000
0.0000000   -0.0100000   -0.0583500   89.3990000
0.0000000   -0.0100000   -0.0581250   89.3860000
0.0000000   -0.0100000   -0.0579000   89.3620000
0.0000000   -0.0100000   -0.0576750   89.3410000
0.0000000   -0.0100000   -0.0574500   89.3210000
0.0000000   -0.0100000   -0.0572250   89.3020000
0.0000000   -0.0100000   -0.0570000   89.2830000
0.0000000   -0.0100000   -0.0567750   89.2650000
0.0000000   -0.0100000   -0.0565500   89.2470000
0.0000000   -0.0100000   -0.0563250   89.2290000
0.0000000   -0.0100000   -0.0561000   89.2110000
0.0000000   -0.0100000   -0.0558750   89.1920000
0.0000000   -0.0100000   -0.0556500   89.1740000
0.0000000   -0.0100000   -0.0554250   89.1550000
0.0000000   -0.0100000   -0.0552000   89.1380000
0.0000000   -0.0100000   -0.0549750   89.1200000
0.0000000   -0.0100000   -0.0547500   89.1030000
0.0000000   -0.0100000   -0.0545250   89.0840000
0.0000000   -0.0100000   -0.0543000   89.0660000
0.0000000   -0.0100000   -0.0540750   89.0470000
0.0000000   -0.0100000   -0.0538500   89.0300000
0.0000000   -0.0100000   -0.0536250   89.0130000
0.0000000   -0.0100000   -0.0534000   88.9950000
0.0000000   -0.0100000   -0.0531750   88.9770000
0.0000000   -0.0100000   -0.0529500   88.9590000
0.0000000   -0.0100000   -0.0527250   88.9410000
0.0000000   -0.0100000   -0.0525000   88.9230000
0.0000000   -0.0100000   -0.0522750   88.9070000
0.0000000   -0.0100000   -0.0520500   88.8900000
0.0000000   -0.0100000   -0.0518250   88.8710000
0.0000000   -0.0100000   -0.0516000   88.8530000
0.0000000   -0.0100000   -0.0513750   88.8360000
0.0000000   -0.0100000   -0.0511500   88.8180000
0.0000000   -0.0100000   -0.0509250   88.8020000
0.0000000   -0.0100000   -0.0507000   88.7850000
0.0000000   -0.0100000   -0.0504750   88.7680000
0.0000000   -0.0100000   -0.0502500   88.7500000
0.0000000   -0.0100000   -0.0500250   88.7320000
0.0000000   -0.0100000   -0.0498000   88.7140000
0.0000000   -0.0100000   -0.0495750   88.6980000
0.0000000   -0.0100000   -0.0493500   88.6830000
0.0000000   -0.0100000   -0.0491250   88.6670000
0.0000000   -0.0100000   -0.0489000   88.6490000
0.0000000   -0.0100000   -0.0486750   88.6330000
0.0000000   -0.0100000   -0.0484500   88.6160000
0.0000000   -0.0100000   -0.0482250   88.6000000
0.0000000   -0.0100000   -0.0480000   88.5850000
0.0000000   -0.0100000   -0.0477750   88.5680000
0.0000000   -0.0100000   -0.0475500   88.5510000
0.0000000   -0.0100000   -0.0473250   88.5350000
0.0000000   -0.0100000   -0.0471000   88.5190000
0.0000000   -0.0100000   -0.0468750   88.5030000
0.0000000   -0.0100000   -0.0466500   88.4880000
0.0000000   -0.0100000   -0.0464250   88.4730000
0.0000000   -0.0100000   -0.0462000   88.4560000
0.0000000   -0.0100000   -0.0459750   88.4400000
0.0000000   -0.0100000   -0.0457500   88.4240000
0.0000000   -0.0100000   -0.0455250   88.4100000
0.0000000   -0.0100000   -0.0453000   88.3960000
0.0000000   -0.0100000   -0.0450750   88.3800000
0.0000000   -0.0100000   -0.0448500   88.3640000
0.0000000   -0.0100000   -0.0446250   88.3480000
0.0000000   -0.0100000   -0.0444000   88.3330000
0.0000000   -0.0100000   -0.0441750   88.3190000
0.0000000   -0.0100000   -0.0439500   88.3050000
0.0000000   -0.0100000   -0.0437250   88.2920000
0.0000000   -0.0100000   -0.0435000   88.2770000
0.0000000   -0.0100000   -0.0432750   88.2610000
0.0000000   -0.0100000   -0.0430500   88.2470000
0.0000000   -0.0100000   -0.0428250   88.2340000
0.0000000   -0.0100000   -0.0426000   88.2210000
0.0000000   -0.0100000   -0.0423750   88.2080000
0.0000000   -0.0100000   -0.0421500   88.1950000
0.0000000   -0.0100000   -0.0419250   88.1790000
0.0000000   -0.0100000   -0.0417000   88.1660000
0.0000000   -0.0100000   -0.0414750   88.1530000
0.0000000   -0.0100000   -0.0412500   88.1410000
0.0000000   -0.0100000   -0.0410250   88.1300000
0.0000000   -0.0100000   -0.0408000   88.1180000
0.0000000   -0.0100000   -0.0405750   88.1040000
0.0000000   -0.0100000   -0.0403500   88.0900000
0.0000000   -0.0100000   -0.0401250   88.0790000
0.0000000   -0.0100000   -0.0399000   88.0680000
0.0000000   -0.0100000   -0.0396750   88.0580000
0.0000000   -0.0100000   -0.0394500   88.0470000
0.0000000   -0.0100000   -0.0392250   88.0350000
0.0000000   -0.0100000   -0.0390000   88.0220000
0.0000000   -0.0100000   -0.0387750   88.0110000
0.0000000   -0.0100000   -0.0385500   88.0020000
0.0000000   -0.0100000   -0.0383250   87.9930000
0.0000000   -0.0100000   -0.0381000   87.9840000
0.0000000   -0.0100000   -0.0378750   87.9740000
0.0000000   -0.0100000   -0.0376500   87.9610000
0.0000000   -0.0100000   -0.0374250   87.9520000
0.0000000   -0.0100000   -0.0372000   87.9440000
0.0000000   -0.0100000   -0.0369750   87.9370000
0.0000000   -0.0100000   -0.0367500   87.9310000
0.0000000   -0.0100000   -0.0365250   87.9220000
0.0000000   -0.0100000   -0.0363000   87.9110000
0.0000000   -0.0100000   -0.0360750   87.9030000
0.0000000   -0.0100000   -0.0358500   87.8970000
0.0000000   -0.0100000   -0.0356250   87.8920000
0.0000000   -0.0100000   -0.0354000   87.8880000
0.0000000   -0.0100000   -0.0351750   87.8820000
0.0000000   -0.0100000   -0.0349500   87.8740000
0.0000000   -0.0100000   -0.0347250   87.8660000
0.0000000   -0.0100000   -0.0345000   87.8620000
0.0000000   -0.0100000   -0.0342750   87.8600000
0.0000000   -0.0100000   -0.0340500   87.8590000
0.0000000   -0.0100000   -0.0338250   87.8560000
0.0000000   -0.0100000   -0.0336000   87.8510000
0.0000000   -0.0100000   -0.0333750   87.8430000
0.0000000   -0.0100000   -0.0331500   87.8430000
0.0000000   -0.0100000   -0.0329250   87.8430000
0.0000000   -0.0100000   -0.0327000   87.8450000
0.0000000   -0.0100000   -0.0324750   87.8460000
0.0000000   -0.0100000   -0.0322500   87.8460000
0.0000000   -0.0100000   -0.0320250   87.8390000
0.0000000   -0.0100000   -0.0318000   87.8420000
0.0000000   -0.0100000   -0.0315750   87.8460000
0.0000000   -0.0100000   -0.0313500   87.8520000
0.0000000   -0.0100000   -0.0311250   87.8580000
0.0000000   -0.0100000   -0.0309000   87.8610000
0.0000000   -0.0100000   -0.0306750   87.8590000
0.0000000   -0.0100000   -0.0304500   87.8630000
0.0000000   -0.0100000   -0.0302250   87.8720000
0.0000000   -0.0100000   -0.0300000   87.8830000
0.0000000   -0.0100000   -0.0297750   87.8940000
0.0000000   -0.0100000   -0.0295500   87.9030000
0.0000000   -0.0100000   -0.0293250   87.9070000
0.0000000   -0.0100000   -0.0291000   87.9100000
0.0000000   -0.0100000   -0.0288750   87.9230000
0.0000000   -0.0100000   -0.0286500   87.9400000
0.0000000   -0.0100000   -0.0284250   87.9580000
0.0000000   -0.0100000   -0.0282000   87.9730000
0.0000000   -0.0100000   -0.0279750   87.9870000
0.0000000   -0.0100000   -0.0277500   87.9880000
0.0000000   -0.0100000   -0.0275250   88.0060000
0.0000000   -0.0100000   -0.0273000   88.0280000
0.0000000   -0.0100000   -0.0270750   88.0510000
0.0000000   -0.0100000   -0.0268500   88.0720000
0.0000000   -0.0100000   -0.0266250   88.0930000
0.0000000   -0.0100000   -0.0264000   88.0930000
0.0000000   -0.0100000   -0.0261750   88.1170000
0.0000000   -0.0100000   -0.0259500   88.1440000
0.0000000   -0.0100000   -0.0257250   88.1730000
0.0000000   -0.0100000   -0.0255000   88.2010000
0.0000000   -0.0100000   -0.0252750   88.2230000
0.0000000   -0.0100000   -0.0250500   88.2260000
0.0000000   -0.0100000   -0.0248250   88.2390000
0.0000000   -0.0100000   -0.0246000   88.2650000
0.0000000   -0.0100000   -0.0243750   88.2940000
0.0000000   -0.0100000   -0.0241500   88.3200000
0.0000000   -0.0100000   -0.0239250   88.3380000
0.0000000   -0.0100000   -0.0237000   88.3390000
0.0000000   -0.0100000   -0.0234750   88.3150000
0.0000000   -0.0100000   -0.0232500   88.3160000
0.0000000   -0.0100000   -0.0230250   88.3210000
0.0000000   -0.0100000   -0.0228000   88.3230000
0.0000000   -0.0100000   -0.0225750   88.3110000
0.0000000   -0.0100000   -0.0223500   88.2850000
0.0000000   -0.0100000   -0.0221250   88.1610000
0.0000000   -0.0100000   -0.0219000   88.0950000
0.0000000   -0.0100000   -0.0216750   88.0350000
0.0000000   -0.0100000   -0.0214500   87.9770000
0.0000000   -0.0100000   -0.0212250   87.8920000
0.0000000   -0.0100000   -0.0210000   87.7700000
0.0000000   -0.0100000   -0.0207750   87.4300000
0.0000000   -0.0100000   -0.0205500   86.9410000
0.0000000   -0.0100000   -0.0203250   86.4610000
0.0000000   -0.0100000   -0.0201000   85.9920000
0.0000000   -0.0100000   -0.0198750   85.4820000
0.0000000   -0.0100000   -0.0196500   84.9640000
0.0000000   -0.0100000   -0.0194250   84.4850000
0.0000000   -0.0100000   -0.0192000   83.8780000
0.0000000   -0.0100000   -0.0189750   83.2430000
0.0000000   -0.0100000   -0.0187500   82.6320000
0.0000000   -0.0100000   -0.0185250   82.1090000
0.0000000   -0.0100000   -0.0183000   81.5710000
0.0000000   -0.0100000   -0.0180750   81.0990000
0.0000000   -0.0100000   -0.0178500   80.7800000
0.0000000   -0.0100000   -0.0176250   80.4650000
0.0000000   -0.0100000   -0.0174000   80.1050000
0.0000000   -0.0100000   -0.0171750   79.7540000
0.0000000   -0.0100000   -0.0169500   79.3520000
0.0000000   -0.0100000   -0.0167250   78.8390000
0.0000000   -0.0100000   -0.0165000   78.2740000
0.0000000   -0.0100000   -0.0162750   77.6630000
0.0000000   -0.0100000   -0.0160500   77.0370000
0.0000000   -0.0100000   -0.0158250   76.4000000
0.0000000   -0.0100000   -0.0156000   75.6780000
0.0000000   -0.0100000   -0.0153750   74.7050000
0.0000000   -0.0100000   -0.0151500   73.7280000
0.0000000   -0.0100000   -0.0149250   72.9670000
0.0000000   -0.0100000   -0.0147000   72.2360000
0.0000000   -0.0100000   -0.0144750   71.7940000
0.0000000   -0.0100000   -0.0142500   71.4700000
0.0000000   -0.0100000   -0.0140250   71.1930000
0.0000000   -0.0100000   -0.0138000   70.9730000
0.0000000   -0.0100000   -0.0135750   70.8140000
0.0000000   -0.0100000   -0.0133500   70.7130000
0.0000000   -0.0100000   -0.0131250   70.6440000
0.0000000   -0.0100000   -0.0129000   70.6100000
0.0000000   -0.0100000   -0.0126750   70.6060000
0.0000000   -0.0100000   -0.0124500   70.6220000
0.0000000   -0.0100000   -0.0122250   70.6600000
0.0000000   -0.0100000   -0.0120000   70.7150000
0.0000000   -0.0100000   -0.0117750   70.7820000
0.0000000   -0.0100000   -0.0115500   70.8620000
0.0000000   -0.0100000   -0.0113250   70.9510000
0.0000000   -0.0100000   -0.0111000   71.0440000
0.0000000   -0.0100000   -0.0108750   71.1440000
0.0000000   -0.0100000   -0.0106500   71.2450000
0.0000000   -0.0100000   -0.0104250   71.3420000
0.0000000   -0.0100000   -0.0102000   71.4370000
0.0000000   -0.0100000   -0.0099750   71.5270000
0.0000000   -0.0100000   -0.0097500   71.6030000
0.0000000   -0.0100000   -0.0095250   71.6700000
0.0000000   -0.0100000   -0.0093000   71.7230000
0.0000000   -0.0100000   -0.0090750   71.7540000
0.0000000   -0.0100000   -0.0088500   71.7660000
0.0000000   -0.0100000   -0.0086250   71.7540000
0.0000000   -0.0100000   -0.0084000   71.7000000
0.0000000   -0.0100000   -0.0081750   71.6160000
0.0000000   -0.0100000   -0.0079500   71.4780000
0.0000000   -0.0100000   -0.0077250   71.2660000
0.0000000   -0.0100000   -0.0075000   70.9860000
0.0000000   -0.0100000   -0.0072750   70.5740000
0.0000000   -0.0100000   -0.0070500   70.0020000
0.0000000   -0.0100000   -0.0068250   69.2310000
0.0000000   -0.0100000   -0.0066000   68.0660000
0.0000000   -0.0100000   -0.0063750   66.4360000
0.0000000   -0.0100000   -0.0061500   64.1040000
0.0000000   -0.0100000   -0.0059250   60.3690000
0.0000000   -0.0100000   -0.0057000   54.6720000
0.0000000   -0.0100000   -0.0054750   46.5110000
0.0000000   -0.0100000   -0.0052500   33.8470000
0.0000000   -0.0100000   -0.0050250   12.2530000
0.0000000   -0.0100000   -0.0048000   -9.7026000
0.0000000   -0.0100000   -0.0045750   -22.7250000
0.0000000   -0.0100000   -0.0043500   -28.9430000
0.0000000   -0.0100000   -0.0041250   -30.9890000
0.0000000   -0.0100000   -0.0039000   -32.7750000
0.0000000   -0.0100000   -0.0036750   -34.2390000
0.0000000   -0.0100000   -0.0034500   -35.3310000
0.0000000   -0.0100000   -0.0032250   -36.2800000
0.0000000   -0.0100000   -0.0030000   -36.7950000
0.0000000   -0.0100000   -0.0027750   -36.8280000
0.0000000   -0.0100000   -0.0025500   -36.4630000
0.0000000   -0.0100000   -0.0023250   -35.5490000
0.0000000   -0.0100000   -0.0021000   -34.4450000
0.0000000   -0.0100000   -0.0018750   -33.1190000
0.0000000   -0.0100000   -0.0016500   -31.6780000
0.0000000   -0.0100000   -0.0014250   -30.3370000
0.0000000   -0.0100000   -0.0012000   -28.9950000
0.0000000   -0.0100000   -0.0009750   -27.8120000
0.0000000   -0.0100000   -0.0007500   -26.7720000
0.0000000   -0.0100000   -0.0005250   -25.8480000
0.0000000   -0.0100000   -0.0003000   -25.1210000
0.0000000   -0.0100000   -0.0000750   -24.5070000
0.0000000   -0.0100000   0.0001500   -24.0210000
0.0000000   -0.0100000   0.0003750   -23.6840000
0.0000000   -0.0100000   0.0006000   -23.4290000
0.0000000   -0.0100000   0.0008250   -23.2810000
0.0000000   -0.0100000   0.0010500   -23.2160000
0.0000000   -0.0100000   0.0012750   -23.2170000
0.0000000   -0.0100000   0.0015000   -23.2940000
0.0000000   -0.0100000   0.0017250   -23.4160000
0.0000000   -0.0100000   0.0019500   -23.5950000
0.0000000   -0.0100000   0.0021750   -23.8210000
0.0000000   -0.0100000   0.0024000   -24.0790000
0.0000000   -0.0100000   0.0026250   -24.3810000
0.0000000   -0.0100000   0.0028500   -24.7130000
0.0000000   -0.0100000   0.0030750   -25.0700000
0.0000000   -0.0100000   0.0033000   -25.4640000
0.0000000   -0.0100000   0.0035250   -25.8820000
0.0000000   -0.0100000   0.0037500   -26.3230000
0.0000000   -0.0100000   0.0039750   -26.8380000
0.0000000   -0.0100000   0.0042000   -27.4280000
0.0000000   -0.0100000   0.0044250   -28.0540000
0.0000000   -0.0100000   0.0046500   -28.6300000
0.0000000   -0.0100000   0.0048750   -29.1220000
0.0000000   -0.0100000   0.0051000   -29.0490000
0.0000000   -0.0100000   0.0053250   -28.0920000
0.0000000   -0.0100000   0.0055500   -26.3600000
0.0000000   -0.0100000   0.0057750   -24.2620000
0.0000000   -0.0100000   0.0060000   -22.2990000
0.0000000   -0.0100000   0.0062250   -20.3750000
0.0000000   -0.0100000   0.0064500   -18.4890000
0.0000000   -0.0100000   0.0066750   -16.7040000
0.0000000   -0.0100000   0.0069000   -14.9560000
0.0000000   -0.0100000   0.0071250   -13.2460000
0.0000000   -0.0100000   0.0073500   -11.6130000
0.0000000   -0.0100000   0.0075750   -10.0670000
0.0000000   -0.0100000   0.0078000   -8.6178000
0.0000000   -0.0100000   0.0080250   -7.2470000
0.0000000   -0.0100000   0.0082500   -5.9623000
0.0000000   -0.0100000   0.0084750   -4.7881000
0.0000000   -0.0100000   0.0087000   -3.6889000
0.0000000   -0.0100000   0.0089250   -2.6778000
0.0000000   -0.0100000   0.0091500   -1.7655000
0.0000000   -0.0100000   0.0093750   -0.9323600
0.0000000   -0.0100000   0.0096000   -0.1864100
0.0000000   -0.0100000   0.0098250   0.4780600
0.0000000   -0.0100000   0.0100500   1.0650000
0.0000000   -0.0100000   0.0102750   1.5722000
0.0000000   -0.0100000   0.0105000   2.0179000
0.0000000   -0.0100000   0.0107250   2.3990000
0.0000000   -0.0100000   0.0109500   2.7119000
0.0000000   -0.0100000   0.0111750   2.9781000
0.0000000   -0.0100000   0.0114000   3.1996000
0.0000000   -0.0100000   0.0116250   3.3699000
0.0000000   -0.0100000   0.0118500   3.5106000
0.0000000   -0.0100000   0.0120750   3.6195000
0.0000000   -0.0100000   0.0123000   3.6965000
0.0000000   -0.0100000   0.0125250   3.7494000
0.0000000   -0.0100000   0.0127500   3.7771000
0.0000000   -0.0100000   0.0129750   3.7749000
0.0000000   -0.0100000   0.0132000   3.7395000
0.0000000   -0.0100000   0.0134250   3.6783000
0.0000000   -0.0100000   0.0136500   3.5867000
0.0000000   -0.0100000   0.0138750   3.4604000
0.0000000   -0.0100000   0.0141000   3.2907000
0.0000000   -0.0100000   0.0143250   3.0875000
0.0000000   -0.0100000   0.0145500   2.8493000
0.0000000   -0.0100000   0.0147750   2.5650000
0.0000000   -0.0100000   0.0150000   2.2491000
0.0000000   -0.0100000   0.0152250   1.9036000
0.0000000   -0.0100000   0.0154500   1.5222000
0.0000000   -0.0100000   0.0156750   1.1253000
0.0000000   -0.0100000   0.0159000   0.7148500
0.0000000   -0.0100000   0.0161250   0.2984300
0.0000000   -0.0100000   0.0163500   -0.0896470
0.0000000   -0.0100000   0.0165750   -0.4583600
0.0000000   -0.0100000   0.0168000   -0.7764400
0.0000000   -0.0100000   0.0170250   -0.9998700
0.0000000   -0.0100000   0.0172500   -1.1355000
0.0000000   -0.0100000   0.0174750   -1.1454000
0.0000000   -0.0100000   0.0177000   -1.0023000
0.0000000   -0.0100000   0.0179250   -0.7262200
0.0000000   -0.0100000   0.0181500   -0.4279000
0.0000000   -0.0100000   0.0183750   -0.0927710
0.0000000   -0.0100000   0.0186000   0.2441300
0.0000000   -0.0100000   0.0188250   0.5468100
0.0000000   -0.0100000   0.0190500   0.8396000
0.0000000   -0.0100000   0.0192750   1.1072000
0.0000000   -0.0100000   0.0195000   1.3451000
0.0000000   -0.0100000   0.0197250   1.5662000
0.0000000   -0.0100000   0.0199500   1.7704000
0.0000000   -0.0100000   0.0201750   1.9614000
0.0000000   -0.0100000   0.0204000   2.1463000
0.0000000   -0.0100000   0.0206250   2.3269000
0.0000000   -0.0100000   0.0208500   2.5066000
0.0000000   -0.0100000   0.0210750   2.6901000
0.0000000   -0.0100000   0.0213000   2.8768000
0.0000000   -0.0100000   0.0215250   3.0700000
0.0000000   -0.0100000   0.0217500   3.2709000
0.0000000   -0.0100000   0.0219750   3.4763000
0.0000000   -0.0100000   0.0222000   3.6910000
0.0000000   -0.0100000   0.0224250   3.9112000
0.0000000   -0.0100000   0.0226500   4.1324000
0.0000000   -0.0100000   0.0228750   4.3609000
0.0000000   -0.0100000   0.0231000   4.5873000
0.0000000   -0.0100000   0.0233250   4.8090000
0.0000000   -0.0100000   0.0235500   5.0301000
0.0000000   -0.0100000   0.0237750   5.2394000
0.0000000   -0.0100000   0.0240000   5.4375000
0.0000000   -0.0100000   0.0242250   5.6257000
0.0000000   -0.0100000   0.0244500   5.7934000
0.0000000   -0.0100000   0.0246750   5.9443000
0.0000000   -0.0100000   0.0249000   6.0775000
0.0000000   -0.0100000   0.0251250   6.1888000
0.0000000   -0.0100000   0.0253500   6.2792000
0.0000000   -0.0100000   0.0255750   6.3520000
0.0000000   -0.0100000   0.0258000   6.4066000
0.0000000   -0.0100000   0.0260250   6.4434000
0.0000000   -0.0100000   0.0262500   6.4716000
0.0000000   -0.0100000   0.0264750   6.4892000
0.0000000   -0.0100000   0.0267000   6.5015000
0.0000000   -0.0100000   0.0269250   6.5169000
0.0000000   -0.0100000   0.0271500   6.5315000
0.0000000   -0.0100000   0.0273750   6.5505000
0.0000000   -0.0100000   0.0276000   6.5757000
0.0000000   -0.0100000   0.0278250   6.6040000
0.0000000   -0.0100000   0.0280500   6.6365000
0.0000000   -0.0100000   0.0282750   6.6714000
0.0000000   -0.0100000   0.0285000   6.7071000
0.0000000   -0.0100000   0.0287250   6.7429000
0.0000000   -0.0100000   0.0289500   6.7785000
0.0000000   -0.0100000   0.0291750   6.8121000
0.0000000   -0.0100000   0.0294000   6.8442000
0.0000000   -0.0100000   0.0296250   6.8762000
0.0000000   -0.0100000   0.0298500   6.9064000
0.0000000   -0.0100000   0.0300750   6.9365000
0.0000000   -0.0100000   0.0303000   6.9677000
0.0000000   -0.0100000   0.0305250   6.9989000
0.0000000   -0.0100000   0.0307500   7.0327000
0.0000000   -0.0100000   0.0309750   7.0690000
0.0000000   -0.0100000   0.0312000   7.1073000
0.0000000   -0.0100000   0.0314250   7.1504000
0.0000000   -0.0100000   0.0316500   7.1974000
0.0000000   -0.0100000   0.0318750   7.2471000
0.0000000   -0.0100000   0.0321000   7.3033000
0.0000000   -0.0100000   0.0323250   7.3639000
0.0000000   -0.0100000   0.0325500   7.4276000
0.0000000   -0.0100000   0.0327750   7.4975000
0.0000000   -0.0100000   0.0330000   7.5719000
0.0000000   -0.0100000   0.0332250   7.6483000
0.0000000   -0.0100000   0.0334500   7.7297000
0.0000000   -0.0100000   0.0336750   7.8165000
0.0000000   -0.0100000   0.0339000   7.8979000
0.0000000   -0.0100000   0.0341250   7.9750000
0.0000000   -0.0100000   0.0343500   8.0721000
0.0000000   -0.0100000   0.0345750   8.1262000
0.0000000   -0.0100000   0.0348000   8.1352000
0.0000000   -0.0100000   0.0350250   8.1709000
0.0000000   -0.0100000   0.0352500   8.3094000
0.0000000   -0.0100000   0.0354750   8.4661000
0.0000000   -0.0100000   0.0357000   8.5762000
0.0000000   -0.0100000   0.0359250   8.6709000
0.0000000   -0.0100000   0.0361500   8.7327000
0.0000000   -0.0100000   0.0363750   8.7414000
0.0000000   -0.0100000   0.0366000   8.7518000
0.0000000   -0.0100000   0.0368250   8.8118000
0.0000000   -0.0100000   0.0370500   8.8687000
0.0000000   -0.0100000   0.0372750   8.9595000
0.0000000   -0.0100000   0.0375000   9.0824000
0.0000000   -0.0100000   0.0377250   9.1614000
0.0000000   -0.0100000   0.0379500   9.2439000
0.0000000   -0.0100000   0.0381750   9.3268000
0.0000000   -0.0100000   0.0384000   9.3622000
0.0000000   -0.0100000   0.0386250   9.4168000
0.0000000   -0.0100000   0.0388500   9.4891000
0.0000000   -0.0100000   0.0390750   9.5426000
0.0000000   -0.0100000   0.0393000   9.5915000
0.0000000   -0.0100000   0.0395250   9.6422000
0.0000000   -0.0100000   0.0397500   9.6668000
0.0000000   -0.0100000   0.0399750   9.7021000
0.0000000   -0.0100000   0.0402000   9.7461000
0.0000000   -0.0100000   0.0404250   9.7856000
0.0000000   -0.0100000   0.0406500   9.8152000
0.0000000   -0.0100000   0.0408750   9.8474000
0.0000000   -0.0100000   0.0411000   9.8650000
0.0000000   -0.0100000   0.0413250   9.8846000
0.0000000   -0.0100000   0.0415500   9.9127000
0.0000000   -0.0100000   0.0417750   9.9453000
0.0000000   -0.0100000   0.0420000   9.9659000
0.0000000   -0.0100000   0.0422250   9.9907000
0.0000000   -0.0100000   0.0424500   10.0120000
0.0000000   -0.0100000   0.0426750   10.0170000
0.0000000   -0.0100000   0.0429000   10.0340000
0.0000000   -0.0100000   0.0431250   10.0650000
0.0000000   -0.0100000   0.0433500   10.0760000
0.0000000   -0.0100000   0.0435750   10.0900000
0.0000000   -0.0100000   0.0438000   10.1060000
0.0000000   -0.0100000   0.0440250   10.1030000
0.0000000   -0.0100000   0.0442500   10.1130000
0.0000000   -0.0100000   0.0444750   10.1340000
0.0000000   -0.0100000   0.0447000   10.1440000
0.0000000   -0.0100000   0.0449250   10.1520000
0.0000000   -0.0100000   0.0451500   10.1600000
0.0000000   -0.0100000   0.0453750   10.1560000
0.0000000   -0.0100000   0.0456000   10.1610000
0.0000000   -0.0100000   0.0458250   10.1730000
0.0000000   -0.0100000   0.0460500   10.1820000
0.0000000   -0.0100000   0.0462750   10.1840000
0.0000000   -0.0100000   0.0465000   10.1880000
0.0000000   -0.0100000   0.0467250   10.1830000
0.0000000   -0.0100000   0.0469500   10.1820000
0.0000000   -0.0100000   0.0471750   10.1870000
0.0000000   -0.0100000   0.0474000   10.1950000
0.0000000   -0.0100000   0.0476250   10.1930000
0.0000000   -0.0100000   0.0478500   10.1920000
0.0000000   -0.0100000   0.0480750   10.1920000
0.0000000   -0.0100000   0.0483000   10.1820000
0.0000000   -0.0100000   0.0485250   10.1810000
0.0000000   -0.0100000   0.0487500   10.1880000
0.0000000   -0.0100000   0.0489750   10.1820000
0.0000000   -0.0100000   0.0492000   10.1790000
0.0000000   -0.0100000   0.0494250   10.1780000
0.0000000   -0.0100000   0.0496500   10.1650000
0.0000000   -0.0100000   0.0498750   10.1600000
0.0000000   -0.0100000   0.0501000   10.1620000
0.0000000   -0.0100000   0.0503250   10.1570000
0.0000000   -0.0100000   0.0505500   10.1510000
0.0000000   -0.0100000   0.0507750   10.1450000
0.0000000   -0.0100000   0.0510000   10.1350000
0.0000000   -0.0100000   0.0512250   10.1280000
0.0000000   -0.0100000   0.0514500   10.1250000
0.0000000   -0.0100000   0.0516750   10.1200000
0.0000000   -0.0100000   0.0519000   10.1110000
0.0000000   -0.0100000   0.0521250   10.1040000
0.0000000   -0.0100000   0.0523500   10.0950000
0.0000000   -0.0100000   0.0525750   10.0850000
0.0000000   -0.0100000   0.0528000   10.0790000
0.0000000   -0.0100000   0.0530250   10.0750000
0.0000000   -0.0100000   0.0532500   10.0640000
0.0000000   -0.0100000   0.0534750   10.0550000
0.0000000   -0.0100000   0.0537000   10.0480000
0.0000000   -0.0100000   0.0539250   10.0350000
0.0000000   -0.0100000   0.0541500   10.0270000
0.0000000   -0.0100000   0.0543750   10.0220000
0.0000000   -0.0100000   0.0546000   10.0100000
0.0000000   -0.0100000   0.0548250   9.9997000
0.0000000   -0.0100000   0.0550500   9.9925000
0.0000000   -0.0100000   0.0552750   9.9795000
0.0000000   -0.0100000   0.0555000   9.9692000
0.0000000   -0.0100000   0.0557250   9.9624000
0.0000000   -0.0100000   0.0559500   9.9508000
0.0000000   -0.0100000   0.0561750   9.9392000
0.0000000   -0.0100000   0.0564000   9.9292000
0.0000000   -0.0100000   0.0566250   9.9181000
0.0000000   -0.0100000   0.0568500   9.9070000
0.0000000   -0.0100000   0.0570750   9.8978000
0.0000000   -0.0100000   0.0573000   9.8868000
0.0000000   -0.0100000   0.0575250   9.8739000
0.0000000   -0.0100000   0.0577500   9.8625000
0.0000000   -0.0100000   0.0579750   9.8517000
0.0000000   -0.0100000   0.0582000   9.8395000
0.0000000   -0.0100000   0.0584250   9.8285000
0.0000000   -0.0100000   0.0586500   9.8177000
0.0000000   -0.0100000   0.0588750   9.8034000
0.0000000   -0.0100000   0.0591000   9.7912000
0.0000000   -0.0100000   0.0593250   9.7809000
0.0000000   -0.0100000   0.0595500   9.7667000
0.0000000   -0.0100000   0.0597750   9.7542000
0.0000000   -0.0100000   0.0600000   9.7436000
0.0000000   -0.0100000   0.0602250   9.7284000
0.0000000   -0.0100000   0.0604500   9.7151000
0.0000000   -0.0100000   0.0606750   9.7036000
0.0000000   -0.0100000   0.0609000   9.6889000
0.0000000   -0.0100000   0.0611250   9.6756000
0.0000000   -0.0100000   0.0613500   9.6638000
0.0000000   -0.0100000   0.0615750   9.6494000
0.0000000   -0.0100000   0.0618000   9.6351000
0.0000000   -0.0100000   0.0620250   9.6216000
0.0000000   -0.0100000   0.0622500   9.6073000
0.0000000   -0.0100000   0.0624750   9.5933000
0.0000000   -0.0100000   0.0627000   9.5805000
0.0000000   -0.0100000   0.0629250   9.5666000
0.0000000   -0.0100000   0.0631500   9.5515000
0.0000000   -0.0100000   0.0633750   9.5372000
0.0000000   -0.0100000   0.0636000   9.5223000
0.0000000   -0.0100000   0.0638250   9.5076000
0.0000000   -0.0100000   0.0640500   9.4938000
0.0000000   -0.0100000   0.0642750   9.4804000
0.0000000   -0.0100000   0.0645000   9.4647000
0.0000000   -0.0100000   0.0647250   9.4499000
0.0000000   -0.0100000   0.0649500   9.4354000
0.0000000   -0.0100000   0.0651750   9.4190000
0.0000000   -0.0100000   0.0654000   9.4043000
0.0000000   -0.0100000   0.0656250   9.3915000
0.0000000   -0.0100000   0.0658500   9.3755000
0.0000000   -0.0100000   0.0660750   9.3602000
0.0000000   -0.0100000   0.0663000   9.3456000
0.0000000   -0.0100000   0.0665250   9.3282000
0.0000000   -0.0100000   0.0667500   9.3130000
0.0000000   -0.0100000   0.0669750   9.2997000
0.0000000   -0.0100000   0.0672000   9.2844000
0.0000000   -0.0100000   0.0674250   9.2687000
0.0000000   -0.0100000   0.0676500   9.2533000
0.0000000   -0.0100000   0.0678750   9.2358000
0.0000000   -0.0100000   0.0681000   9.2204000
0.0000000   -0.0100000   0.0683250   9.2063000
0.0000000   -0.0100000   0.0685500   9.1916000
0.0000000   -0.0100000   0.0687750   9.1757000
0.0000000   -0.0100000   0.0690000   9.1600000
0.0000000   -0.0100000   0.0692250   9.1425000
0.0000000   -0.0100000   0.0694500   9.1265000
0.0000000   -0.0100000   0.0696750   9.1117000
0.0000000   -0.0100000   0.0699000   9.0976000
0.0000000   -0.0100000   0.0701250   9.0815000
0.0000000   -0.0100000   0.0703500   9.0656000
0.0000000   -0.0100000   0.0705750   9.0491000
0.0000000   -0.0100000   0.0708000   9.0315000
0.0000000   -0.0100000   0.0710250   9.0159000
0.0000000   -0.0100000   0.0712500   9.0024000
0.0000000   -0.0100000   0.0714750   8.9863000
0.0000000   -0.0100000   0.0717000   8.9701000
0.0000000   -0.0100000   0.0719250   8.9541000
0.0000000   -0.0100000   0.0721500   8.9354000
0.0000000   -0.0100000   0.0723750   8.9194000
0.0000000   -0.0100000   0.0726000   8.9056000
0.0000000   -0.0100000   0.0728250   8.8901000
0.0000000   -0.0100000   0.0730500   8.8738000
0.0000000   -0.0100000   0.0732750   8.8575000
0.0000000   -0.0100000   0.0735000   8.8385000
0.0000000   -0.0100000   0.0737250   8.8223000
0.0000000   -0.0100000   0.0739500   8.8076000
0.0000000   -0.0100000   0.0741750   8.7927000
0.0000000   -0.0100000   0.0744000   8.7763000
0.0000000   -0.0100000   0.0746250   8.7598000
0.0000000   -0.0100000   0.0748500   8.7408000
0.0000000   -0.0100000   0.0750750   8.7241000
0.0000000   -0.0100000   0.0753000   8.7086000
0.0000000   -0.0100000   0.0755250   8.6941000
0.0000000   -0.0100000   0.0757500   8.6777000
0.0000000   -0.0100000   0.0759750   8.6610000
0.0000000   -0.0100000   0.0762000   8.6434000
0.0000000   -0.0100000   0.0764250   8.6248000
0.0000000   -0.0100000   0.0766500   8.6084000
0.0000000   -0.0100000   0.0768750   8.5944000
0.0000000   -0.0100000   0.0771000   8.5779000
0.0000000   -0.0100000   0.0773250   8.5611000
0.0000000   -0.0100000   0.0775500   8.5440000
0.0000000   -0.0100000   0.0777750   8.5244000
0.0000000   -0.0100000   0.0780000   8.5076000
0.0000000   -0.0100000   0.0782250   8.4930000
0.0000000   -0.0100000   0.0784500   8.4769000
0.0000000   -0.0100000   0.0786750   8.4600000
0.0000000   -0.0100000   0.0789000   8.4429000
0.0000000   -0.0100000   0.0791250   8.4229000
0.0000000   -0.0100000   0.0793500   8.4059000
0.0000000   -0.0100000   0.0795750   8.3904000
0.0000000   -0.0100000   0.0798000   8.3748000
0.0000000   -0.0100000   0.0800250   8.3578000
0.0000000   -0.0100000   0.0802500   8.3405000
0.0000000   -0.0100000   0.0804750   8.3207000
0.0000000   -0.0100000   0.0807000   8.3032000
0.0000000   -0.0100000   0.0809250   8.2869000
0.0000000   -0.0100000   0.0811500   8.2717000
0.0000000   -0.0100000   0.0813750   8.2546000
0.0000000   -0.0100000   0.0816000   8.2372000
0.0000000   -0.0100000   0.0818250   8.2187000
0.0000000   -0.0100000   0.0820500   8.1994000
0.0000000   -0.0100000   0.0822750   8.1823000
0.0000000   -0.0100000   0.0825000   8.1675000
0.0000000   -0.0100000   0.0827250   8.1503000
0.0000000   -0.0100000   0.0829500   8.1327000
0.0000000   -0.0100000   0.0831750   8.1149000
0.0000000   -0.0100000   0.0834000   8.0945000
0.0000000   -0.0100000   0.0836250   8.0770000
0.0000000   -0.0100000   0.0838500   8.0616000
0.0000000   -0.0100000   0.0840750   8.0448000
0.0000000   -0.0100000   0.0843000   8.0271000
0.0000000   -0.0100000   0.0845250   8.0093000
0.0000000   -0.0100000   0.0847500   7.9885000
0.0000000   -0.0100000   0.0849750   7.9708000
0.0000000   -0.0100000   0.0852000   7.9546000
0.0000000   -0.0100000   0.0854250   7.9383000
0.0000000   -0.0100000   0.0856500   7.9207000
0.0000000   -0.0100000   0.0858750   7.9027000
0.0000000   -0.0100000   0.0861000   7.8819000
0.0000000   -0.0100000   0.0863250   7.8636000
0.0000000   -0.0100000   0.0865500   7.8466000
0.0000000   -0.0100000   0.0867750   7.8308000
0.0000000   -0.0100000   0.0870000   7.8133000
0.0000000   -0.0100000   0.0872250   7.7951000
0.0000000   -0.0100000   0.0874500   7.7757000
0.0000000   -0.0100000   0.0876750   7.7557000
0.0000000   -0.0100000   0.0879000   7.7379000
0.0000000   -0.0100000   0.0881250   7.7224000
0.0000000   -0.0100000   0.0883500   7.7049000
0.0000000   -0.0100000   0.0885750   7.6867000
0.0000000   -0.0100000   0.0888000   7.6680000
0.0000000   -0.0100000   0.0890250   7.6470000
0.0000000   -0.0100000   0.0892500   7.6288000
0.0000000   -0.0100000   0.0894750   7.6127000
0.0000000   -0.0100000   0.0897000   7.5957000
0.0000000   -0.0100000   0.0899250   7.5776000
0.0000000   -0.0100000   0.0901500   7.5592000
0.0000000   -0.0100000   0.0903750   7.5377000
0.0000000   -0.0100000   0.0906000   7.5193000
0.0000000   -0.0100000   0.0908250   7.5024000
0.0000000   -0.0100000   0.0910500   7.4856000
0.0000000   -0.0100000   0.0912750   7.4676000
0.0000000   -0.0100000   0.0915000   7.4491000
0.0000000   -0.0100000   0.0917250   7.4276000
0.0000000   -0.0100000   0.0919500   7.4088000
0.0000000   -0.0100000   0.0921750   7.3911000
0.0000000   -0.0100000   0.0924000   7.3745000
0.0000000   -0.0100000   0.0926250   7.3567000
0.0000000   -0.0100000   0.0928500   7.3380000
0.0000000   -0.0100000   0.0930750   7.3178000
0.0000000   -0.0100000   0.0933000   7.2975000
0.0000000   -0.0100000   0.0935250   7.2791000
0.0000000   -0.0100000   0.0937500   7.2626000
0.0000000   -0.0100000   0.0939750   7.2449000
0.0000000   -0.0100000   0.0942000   7.2262000
0.0000000   -0.0100000   0.0944250   7.2067000
0.0000000   -0.0100000   0.0946500   7.1855000
0.0000000   -0.0100000   0.0948750   7.1668000
0.0000000   -0.0100000   0.0951000   7.1498000
0.0000000   -0.0100000   0.0953250   7.1323000
0.0000000   -0.0100000   0.0955500   7.1138000
0.0000000   -0.0100000   0.0957750   7.0948000
0.0000000   -0.0100000   0.0960000   7.0730000
0.0000000   -0.0100000   0.0962250   7.0542000
0.0000000   -0.0100000   0.0964500   7.0365000
0.0000000   -0.0100000   0.0966750   7.0192000
0.0000000   -0.0100000   0.0969000   7.0009000
0.0000000   -0.0100000   0.0971250   6.9819000
0.0000000   -0.0100000   0.0973500   6.9601000
0.0000000   -0.0100000   0.0975750   6.9409000
0.0000000   -0.0100000   0.0978000   6.9226000
0.0000000   -0.0100000   0.0980250   6.9054000
0.0000000   -0.0100000   0.0982500   6.8873000
0.0000000   -0.0100000   0.0984750   6.8682000
0.0000000   -0.0100000   0.0987000   6.8475000
0.0000000   -0.0100000   0.0989250   6.8271000
0.0000000   -0.0100000   0.0991500   6.8082000
0.0000000   -0.0100000   0.0993750   6.7910000
0.0000000   -0.0100000   0.0996000   6.7731000
0.0000000   -0.0100000   0.0998250   6.7540000
0.0000000   -0.0100000   0.1000500   6.7340000
0.0000000   -0.0100000   0.1002700   6.7127000
0.0000000   -0.0100000   0.1005000   6.6936000
0.0000000   -0.0100000   0.1007200   6.6758000
0.0000000   -0.0100000   0.1009500   6.6580000
0.0000000   -0.0100000   0.1011700   6.6391000
0.0000000   -0.0100000   0.1014000   6.6197000
0.0000000   -0.0100000   0.1016200   6.5977000
0.0000000   -0.0100000   0.1018500   6.5785000
0.0000000   -0.0100000   0.1020700   6.5602000
0.0000000   -0.0100000   0.1023000   6.5423000
0.0000000   -0.0100000   0.1025200   6.5238000
0.0000000   -0.0100000   0.1027500   6.5044000
0.0000000   -0.0100000   0.1029700   6.4824000
0.0000000   -0.0100000   0.1032000   6.4629000
0.0000000   -0.0100000   0.1034200   6.4441000
0.0000000   -0.0100000   0.1036500   6.4262000
0.0000000   -0.0100000   0.1038700   6.4078000
0.0000000   -0.0100000   0.1041000   6.3884000
0.0000000   -0.0100000   0.1043200   6.3672000
0.0000000   -0.0100000   0.1045500   6.3468000
0.0000000   -0.0100000   0.1047700   6.3275000
0.0000000   -0.0100000   0.1050000   6.3095000
0.0000000   -0.0100000   0.1052200   6.2914000
0.0000000   -0.0100000   0.1054500   6.2720000
0.0000000   -0.0100000   0.1056700   6.2516000
0.0000000   -0.0100000   0.1059000   6.2303000
0.0000000   -0.0100000   0.1061200   6.2108000
0.0000000   -0.0100000   0.1063500   6.1924000
0.0000000   -0.0100000   0.1065700   6.1742000
0.0000000   -0.0100000   0.1068000   6.1551000
0.0000000   -0.0100000   0.1070200   6.1354000
0.0000000   -0.0100000   0.1072500   6.1133000
0.0000000   -0.0100000   0.1074700   6.0937000
0.0000000   -0.0100000   0.1077000   6.0749000
0.0000000   -0.0100000   0.1079200   6.0566000
0.0000000   -0.0100000   0.1081500   6.0378000
0.0000000   -0.0100000   0.1083700   6.0182000
0.0000000   -0.0100000   0.1086000   5.9960000
0.0000000   -0.0100000   0.1088200   5.9762000
0.0000000   -0.0100000   0.1090500   5.9570000
0.0000000   -0.0100000   0.1092700   5.9385000
0.0000000   -0.0100000   0.1095000   5.9201000
0.0000000   -0.0100000   0.1097200   5.9003000
0.0000000   -0.0100000   0.1099500   5.8788000
0.0000000   -0.0100000   0.1101700   5.8582000
0.0000000   -0.0100000   0.1104000   5.8386000
0.0000000   -0.0100000   0.1106200   5.8200000
0.0000000   -0.0100000   0.1108500   5.8016000
0.0000000   -0.0100000   0.1110700   5.7820000
0.0000000   -0.0100000   0.1113000   5.7611000
0.0000000   -0.0100000   0.1115200   5.7398000
0.0000000   -0.0100000   0.1117500   5.7200000
0.0000000   -0.0100000   0.1119700   5.7010000
0.0000000   -0.0100000   0.1122000   5.6825000
0.0000000   -0.0100000   0.1124200   5.6631000
0.0000000   -0.0100000   0.1126500   5.6431000
0.0000000   -0.0100000   0.1128700   5.6209000
0.0000000   -0.0100000   0.1131000   5.6010000
0.0000000   -0.0100000   0.1133200   5.5816000
0.0000000   -0.0100000   0.1135500   5.5629000
0.0000000   -0.0100000   0.1137700   5.5439000
0.0000000   -0.0100000   0.1140000   5.5240000
0.0000000   -0.0100000   0.1142200   5.5018000
0.0000000   -0.0100000   0.1144500   5.4820000
0.0000000   -0.0100000   0.1146700   5.4626000
0.0000000   -0.0100000   0.1149000   5.4439000
0.0000000   -0.0100000   0.1151200   5.4255000
0.0000000   -0.0100000   0.1153500   5.4058000
0.0000000   -0.0100000   0.1155700   5.3842000
0.0000000   -0.0100000   0.1158000   5.3639000
0.0000000   -0.0100000   0.1160200   5.3442000
0.0000000   -0.0100000   0.1162500   5.3252000
0.0000000   -0.0100000   0.1164700   5.3069000
0.0000000   -0.0100000   0.1167000   5.2873000
0.0000000   -0.0100000   0.1169200   5.2663000
0.0000000   -0.0100000   0.1171500   5.2453000
0.0000000   -0.0100000   0.1173700   5.2255000
0.0000000   -0.0100000   0.1176000   5.2063000
0.0000000   -0.0100000   0.1178200   5.1878000
0.0000000   -0.0100000   0.1180500   5.1685000
0.0000000   -0.0100000   0.1182700   5.1484000
0.0000000   -0.0100000   0.1185000   5.1265000
0.0000000   -0.0100000   0.1187200   5.1067000
0.0000000   -0.0100000   0.1189500   5.0872000
0.0000000   -0.0100000   0.1191700   5.0685000
0.0000000   -0.0100000   0.1194000   5.0496000
0.0000000   -0.0100000   0.1196200   5.0297000
0.0000000   -0.0100000   0.1198500   5.0078000
0.0000000   -0.0100000   0.1200700   4.9879000
0.0000000   -0.0100000   0.1203000   4.9682000
0.0000000   -0.0100000   0.1205200   4.9493000
0.0000000   -0.0100000   0.1207500   4.9307000
0.0000000   -0.0100000   0.1209700   4.9109000
0.0000000   -0.0100000   0.1212000   4.8893000
0.0000000   -0.0100000   0.1214200   4.8691000
0.0000000   -0.0100000   0.1216500   4.8493000
0.0000000   -0.0100000   0.1218700   4.8300000
0.0000000   -0.0100000   0.1221000   4.8116000
0.0000000   -0.0100000   0.1223200   4.7919000
0.0000000   -0.0100000   0.1225500   4.7709000
0.0000000   -0.0100000   0.1227700   4.7501000
0.0000000   -0.0100000   0.1230000   4.7302000
0.0000000   -0.0100000   0.1232200   4.7108000
0.0000000   -0.0100000   0.1234500   4.6922000
0.0000000   -0.0100000   0.1236700   4.6728000
0.0000000   -0.0100000   0.1239000   4.6527000
0.0000000   -0.0100000   0.1241200   4.6310000
0.0000000   -0.0100000   0.1243500   4.6111000
0.0000000   -0.0100000   0.1245700   4.5915000
0.0000000   -0.0100000   0.1248000   4.5726000
0.0000000   -0.0100000   0.1250200   4.5536000
0.0000000   -0.0100000   0.1252500   4.5337000
0.0000000   -0.0100000   0.1254700   4.5119000
0.0000000   -0.0100000   0.1257000   4.4920000
0.0000000   -0.0100000   0.1259200   4.4723000
0.0000000   -0.0100000   0.1261500   4.4531000
0.0000000   -0.0100000   0.1263700   4.4344000
0.0000000   -0.0100000   0.1266000   4.4145000
0.0000000   -0.0100000   0.1268200   4.3930000
0.0000000   -0.0100000   0.1270500   4.3729000
0.0000000   -0.0100000   0.1272700   4.3531000
0.0000000   -0.0100000   0.1275000   4.3335000
0.0000000   -0.0100000   0.1277200   4.3151000
0.0000000   -0.0100000   0.1279500   4.2954000
0.0000000   -0.0100000   0.1281700   4.2744000
0.0000000   -0.0100000   0.1284000   4.2538000
0.0000000   -0.0100000   0.1286200   4.2340000
0.0000000   -0.0100000   0.1288500   4.2144000
0.0000000   -0.0100000   0.1290700   4.1957000
0.0000000   -0.0100000   0.1293000   4.1763000
0.0000000   -0.0100000   0.1295200   4.1563000
0.0000000   -0.0100000   0.1297500   4.1348000
0.0000000   -0.0100000   0.1299700   4.1150000
0.0000000   -0.0100000   0.1302000   4.0953000
0.0000000   -0.0100000   0.1304200   4.0763000
0.0000000   -0.0100000   0.1306500   4.0573000
0.0000000   -0.0100000   0.1308700   4.0375000
0.0000000   -0.0100000   0.1311000   4.0160000
0.0000000   -0.0100000   0.1313200   3.9961000
0.0000000   -0.0100000   0.1315500   3.9764000
0.0000000   -0.0100000   0.1317700   3.9571000
0.0000000   -0.0100000   0.1320000   3.9385000
0.0000000   -0.0100000   0.1322200   3.9186000
0.0000000   -0.0100000   0.1324500   3.8972000
0.0000000   -0.0100000   0.1326700   3.8772000
0.0000000   -0.0100000   0.1329000   3.8573000
0.0000000   -0.0100000   0.1331200   3.8376000
0.0000000   -0.0100000   0.1333500   3.8192000
0.0000000   -0.0100000   0.1335700   3.7995000
0.0000000   -0.0100000   0.1338000   3.7785000
0.0000000   -0.0100000   0.1340200   3.7581000
0.0000000   -0.0100000   0.1342500   3.7382000
0.0000000   -0.0100000   0.1344700   3.7185000
0.0000000   -0.0100000   0.1347000   3.6998000
0.0000000   -0.0100000   0.1349200   3.6804000
0.0000000   -0.0100000   0.1351500   3.6604000
0.0000000   -0.0100000   0.1353700   3.6391000
0.0000000   -0.0100000   0.1356000   3.6193000
0.0000000   -0.0100000   0.1358200   3.5995000
0.0000000   -0.0100000   0.1360500   3.5804000
0.0000000   -0.0100000   0.1362700   3.5614000
0.0000000   -0.0100000   0.1365000   3.5416000
0.0000000   -0.0100000   0.1367200   3.5202000
0.0000000   -0.0100000   0.1369500   3.5004000
0.0000000   -0.0100000   0.1371700   3.4806000
0.0000000   -0.0100000   0.1374000   3.4612000
0.0000000   -0.0100000   0.1376200   3.4425000
0.0000000   -0.0100000   0.1378500   3.4227000
0.0000000   -0.0100000   0.1380700   3.4014000
0.0000000   -0.0100000   0.1383000   3.3816000
0.0000000   -0.0100000   0.1385200   3.3618000
0.0000000   -0.0100000   0.1387500   3.3421000
0.0000000   -0.0100000   0.1389700   3.3236000
0.0000000   -0.0100000   0.1392000   3.3040000
0.0000000   -0.0100000   0.1394200   3.2832000
0.0000000   -0.0100000   0.1396500   3.2630000
0.0000000   -0.0100000   0.1398700   3.2432000
0.0000000   -0.0100000   0.1401000   3.2236000
0.0000000   -0.0100000   0.1403200   3.2049000
0.0000000   -0.0100000   0.1407700   3.1657000
0.0000000   -0.0100000   0.1410000   3.1448000
0.0000000   -0.0100000   0.1412200   3.1252000
0.0000000   -0.0100000   0.1414500   3.1056000
0.0000000   -0.0100000   0.1416700   3.0867000
0.0000000   -0.0100000   0.1419000   5.1953000
0.0000000   -0.0100000   0.1421200   5.1071000
0.0000000   -0.0100000   0.1423500   3.0275000
0.0000000   -0.0100000   0.1425700   3.0080000
0.0000000   -0.0100000   0.1428000   2.9887000
0.0000000   -0.0100000   0.1430200   2.9696000
0.0000000   -0.0100000   0.1432500   2.9514000
0.0000000   -0.0100000   0.1434700   2.9322000
0.0000000   -0.0100000   0.1437000   2.9117000
0.0000000   -0.0100000   0.1439200   2.8929000
0.0000000   -0.0100000   0.1441500   2.8745000
0.0000000   -0.0100000   0.1443700   2.8562000
0.0000000   -0.0100000   0.1446000   2.8393000
0.0000000   -0.0100000   0.1448200   2.8212000
0.0000000   -0.0100000   0.1450500   2.8020000
0.0000000   -0.0100000   0.1452700   2.7833000
0.0000000   -0.0100000   0.1455000   2.7658000
0.0000000   -0.0100000   0.1457200   2.7484000
0.0000000   -0.0100000   0.1459500   2.7314000
0.0000000   -0.0100000   0.1461700   2.7154000
0.0000000   -0.0100000   0.1464000   2.7001000
0.0000000   -0.0100000   0.1466200   2.6885000
0.0000000   -0.0100000   0.1468500   2.6738000
0.0000000   -0.0100000   0.1470700   2.6601000
0.0000000   -0.0100000   0.1473000   2.6476000
0.0000000   -0.0100000   0.1475200   2.6338000
0.0000000   -0.0100000   0.1477500   2.6115000
0.0000000   -0.0100000   0.1479700   2.5779000
0.0000000   -0.0100000   0.1482000   2.5467000
0.0000000   -0.0100000   0.1484200   2.5189000
0.0000000   -0.0100000   0.1486500   2.4956000
0.0000000   -0.0100000   0.1488700   2.4678000
0.0000000   -0.0100000   0.1491000   2.4400000
0.0000000   -0.0100000   0.1493200   2.4176000
0.0000000   -0.0100000   0.1495500   2.4037000
0.0000000   -0.0100000   0.1497700   2.3007000
